9
PdAu2Ar6+
Au       0.0305845187     -1.0315337067     -0.8728450976                 
Au       0.6191624260      1.3242400256     -0.0641040213                 
Pd      -0.9303442969     -0.2293390097      1.4177270458                 
Ar      -1.6453679385      1.0493584019      3.6548395986                 
Ar       1.2242549026      3.8095358749      0.8164402301                 
Ar      -0.6742019757     -3.5927376598     -1.6395700587                 
Ar       2.5385350261      2.4776114230     -2.4945115606                 
Ar      -2.4027697969     -2.3153618203      2.3424285609                 
Ar       1.5326881445     -1.3268445389     -3.6853584573