9
PdAu4Ar4+
Pd      -0.3856875592      1.7930832279      0.1494752023                 
Au      -2.1509737050     -0.1269024977     -0.6058000412                 
Au       2.0322169246      0.6762804184      0.6758597176                 
Au      -0.2940193195     -0.6316487854      1.3376726185                 
Au       0.4849382072     -0.2601339554     -1.3760373081                 
Ar      -0.5041438223     -2.5057942716      3.3044671267                 
Ar       0.2540195883      4.1588130461     -1.2438558615                 
Ar       1.3830920841     -1.5729780304     -3.5874628983                 
Ar      -1.8954308082      3.4612050782      1.8505509539