12
PdAu9Ar3+
Au      -1.7940282700     -1.0065661500     -2.6417892100                 
Au      -1.9830442800      0.4069015400     -0.3799682800                 
Au       2.4478974300      1.8404603300     -1.0778997600                 
Au       0.2424940200      1.9217641400      0.4345391800                 
Pd       1.8445916200     -0.4021141500      0.3742635300                 
Au      -0.4055595700     -1.9351408000     -0.4614149100                 
Au      -0.5408879100     -0.3710634000      1.9626556900                 
Au       0.3958043600      0.3588533500     -1.9446670600                 
Au       0.9620862400     -2.4881433100      1.6863227400                 
Ar       3.4914474800      0.3261991900      2.6435040400                 
Ar       3.7334101000     -2.1673458600     -0.9429020700                 
Ar      -4.3748972813      1.2277156011     -0.4065445792