9
PdAu6Ar2+
Au       0.4743676500      2.0113712000     -2.4051566500                 
Au      -0.6554993500     -0.2370938500     -1.6555285400                 
Au       1.7808738700     -0.1110275800      2.1782984700                 
Au      -1.6251437900     -2.5638517600     -0.9211529300                 
Au       1.4545674600      0.9339278200     -0.2341161800                 
Au       0.2832488700     -1.6161776200      0.5943018300                 
Pd      -0.8061429900      0.7281821800      1.1034769700                 
Ar      -1.5173905700      3.3140056000      1.5235577100                 
Ar      -2.9935912200      0.0904045100      2.5752090700