12
PdAu8Ar3+
Au      -1.6502933600     -1.4340633700     -1.1586377900                 
Au       2.0295046200      1.9667722200     -1.6885326300                 
Au      -0.4054130200      1.0650100900     -1.3021415100                 
Au      -2.9125088600      0.7663744300     -0.3095367100                 
Au       1.3054770400     -1.1883994000      2.4545528600                 
Au       1.7136044100      0.0413426200      0.0660503500                 
Au       0.4579914800     -2.4445452400      0.2538684700                 
Pd      -0.8609043300     -0.2416776800      1.1395338500                 
Ar      -5.3955949600      2.1920313500     -0.3798306400                 
Ar       2.7105632100     -1.5128963800      4.9196668800                 
Ar      -1.2846931600      1.5380372100      3.0657536300                 
Ar       3.8079132900      3.8073521800     -3.1170314200